

  0   1   2   3   4   5   6   7   8   
  
  9   10  11  12  13  14  15  16  17

  18  19  20  21  22  23  24  25  26

  27  28  29  30  31  32  33  34  35

  36  37  38  39  40  41  42  43  44

  45  46  47  48  49  50  51  52  53

  54  55  56  57  58  59  60  61  62
 
  63  64  65  66  67  68  69  70  71

  72  73  74  75  76  77  78  79  80


  L0: 0  9  1  10 2  11 3  12 4  13 5  14 6  15 7  16 8  17  ->17
         26 16 25 15 24 14 23 13 22 12 21 11 20 10 19 9  18  ->18
         27 19 28 20 19 21 30 22 31 23 32 24 33 25 34 26 35  ->35
         44 34 43 33 42 32 41 31 40 30 39 29 38 28 37 27 36  ->36
         45 ...

  L1: 0  18 2  20 4  22 6  24 8  26  ->26
         44 24 42 22 40 20 38 18 36  ->36
         54 38 56 40 58 42 60 44 62  ->62
         80 60 78 58 76 56 74 54 72


  L2: 0  36 4  40 8  44  ->44
         80 40 76 36 72


mxm
  0  1  2  3

  4  5  6  7

  8  9  10 11

  12 13 14 15

  L0: 0  4  1  5  2  6  3  7 *7
         11 6  10 5  9  4  8 *8
         12 9  13 10 14 11 15


mx2
  0  1  2
  
  3  4  5
  
  6  7  8
  
  9  10 11
  
  
  L0: 0  3  1  4  2  5 *5
         8  4  7  3  6 *6
         9  7  10 8  11
         
         
(2m+1)x2

  0  1  2  3  4  5  6  7  8
  
  9  10 11 12 13 14 15 16 17
  
  
  L0: 0 9 1 10 2 11 3 12 4 13 5 14 6 15 7 16 8 17 
